1 3.1883 3.075
2 10.169 11.089
3 -9.7942 0.55375
4 6.3109 1.3619
5 4.0938 1.3973
6 -3.5384 1.8995
7 1.332 1.2677
8 5.7131 8.5382
9 22.392 7.7621
10 18.847 11.782
11 -1.2494 0.81699
12 21.175 17.547
13 10.127 -1.664
14 6.6847 3.3461
15 11.074 5.8043
16 6.9752 -8.2219
17 7.8793 10.18
18 16.448 22.27
19 16.545 7.1117
20 17.086 9.9781
21 13.857 4.6057
22 4.9626 4.4029
23 15.086 5.644
24 20.151 9.5667
25 14.944 15.563
26 18.173 4.8506
27 17.134 5.6878
28 12.483 5.8618
29 15.969 7.3223
30 11.064 12.728
31 19.942 20.127
32 10.265 0.24132
33 11.156 2.3727
34 12.953 9.0786
35 2.7786 -0.51421
36 25.192 22.56
37 20.126 18.242
38 15.225 10.408
39 26.351 15.994
40 11.442 4.0292
41 19.989 13.813
42 19.793 15.534
43 23.096 12.256
44 23.564 21.423
45 18.176 12.441
46 22.85 10.874
47 22.676 13.193
48 27.139 19.052
49 29.966 12.992
50 30.546 14.846
51 21.182 22.457
52 26.387 10.824
53 20.429 14.946
54 21.432 14.807
55 27.466 21.678
56 35.663 20.462
57 24.652 -0.00015255
58 30.857 11.166
59 28.372 16.745
60 35.587 19.082
61 25.055 22.34
62 31.163 22.613
63 34.263 19.615
64 37.503 19.166
65 40.221 12.368
66 33.43 26.031
67 26.042 13.691
68 30.288 7.4142
69 29.192 16.762
70 46.752 23.891
71 32.422 13.359
72 39.74 22.336
73 35.538 14.231
74 41.443 13.981
75 33.676 8.0664
76 30.989 13.675
77 31.388 12.559
78 41.441 22.921
79 38.613 11.793
80 39.02 18.469
81 47.597 16.273
82 42.458 30.278
83 42.489 20.66
84 49.938 31.1
85 38.478 21.714
86 46.483 27.785
87 47.675 18.067
88 42.781 27.678
89 45.578 30.052
90 39.171 9.2013
91 39.76 18.998
92 46.524 20.002
93 50.111 25.838
94 59.927 25.713
95 44.166 23.478
96 48.937 27.454
97 48.088 25.267
98 39.335 19.076
99 47.305 17.206
100 41.027 20.801
101 54.702 24.746
102 46.56 16.885
103 52 25.719
104 49.277 23.59
105 54.018 27.969
106 49.998 29.961
107 55.95 30.856
108 57.697 35.377
109 63.059 27.883
110 54.029 22.692
111 44.808 21.93
112 51.802 32.817
113 63.273 38.155
114 51.639 25.191
115 62.305 28.168
116 58.62 21.707
117 65.683 36.201
118 49.196 24.712
119 58.512 23.367
120 53.961 25.307
121 75.04 28.373
122 65.126 34.713
123 68.395 33.327
124 56.709 36.511
125 60.157 23.281
126 61.638 35.671
127 68.992 35.214
128 62.611 31.718
129 68.008 37.587
130 54.741 33.338
131 63.731 26.51
132 61.882 37.536
133 58.615 23.257
134 69.54 29.399
135 68.91 31.092
136 68.167 37.766
137 61.832 25.566
138 74.637 38.992
139 71.251 37.685
140 68.505 35.023
141 70.614 38.08
142 69.69 28.981
143 62.749 36.412
144 70.572 35.853
145 68.343 37.822
146 68.104 29.134
147 67.718 34.119
148 71.332 40.054
149 64.487 37.314
150 79.821 39.489
151 78.1 29.782
152 75.9 32.466
153 76.326 39.256
154 73.009 40.476
155 82.593 43.612
156 77.334 35.604
157 74.927 48.686
158 85.757 43.24
159 78.376 43.516
160 77.055 36.449
161 79.031 33.941
162 76.76 41.806
163 75.899 43.138
164 94.63 56.426
165 90.777 42.744
166 84.538 34.129
167 77.214 46.694
168 79.673 41.157
169 83.617 36.173
170 88.957 41.683
171 78.84 35.376
172 74.351 42.98
173 79.255 42.588
174 88.668 45.548
175 89.457 45.931
176 90.258 41.022
177 87.849 48.89
178 89.918 46.691
179 87.119 42.254
180 94.31 46.231
181 83.692 41.337
182 93.275 42.202
183 87.256 47.335
184 90.326 52.124
185 95.264 60.001
186 98.195 51.617
187 87.912 39.844
188 100.3 51.157
189 97.801 43.865
190 94.661 44.264
191 94.524 43.967
192 94.912 43.29
193 94.984 49.383
194 97.115 42.981
195 97.756 52.214
196 102.13 55.042
197 106.13 58.255
198 101.33 50.565
199 98.451 52.32
200 103.13 60.578
201 101.42 50.973
202 95.851 47.036
203 106.25 61.985
204 103.54 39.224
205 103.18 49.305
206 105.58 64.94
207 104.81 50.046
208 99.293 46.845
209 103.69 45.712
210 104.27 56.1
211 102.84 40.87
212 114.41 53.208
213 102.12 53.896
214 104.58 52.283
215 103.94 55.09
216 102.13 51.697
217 107.54 57.174
218 107.63 47.378
219 117.15 59.666
220 108.75 46.545
221 105.18 56.506
222 119.02 57.956
223 117.67 62.113
224 110.85 52.739
225 104.97 54.128
226 110.78 60.659
227 112.72 46.462
228 115.38 48.353
229 113.19 47.435
230 117.22 62.852
231 117.46 60.756
232 109.75 51.361
233 111.76 63.375
234 113.29 57.336
235 114.96 49.546
236 116.4 53.103
237 118.56 52.355
238 103.85 56.701
239 117.21 55.602
240 126.21 57.247
241 115.17 54.698
242 125.67 58.652
243 123.25 65.891
244 121.85 63.314
245 123.41 63.218
246 115.17 59.666
247 123.08 61.754
248 132.02 61.266
249 124.99 65.204
250 125.21 58.498
251 121.83 55.555
252 125.85 57.553
253 127.66 68.179
254 129.13 69.471
255 125.64 54.024
256 126.82 62.668
257 138.62 70.569
258 117.71 55.802
259 140.65 74.129
260 131.69 67.116
261 135.5 66.986
262 122.68 58.553
263 128.55 67.66
264 130.61 69.551
265 134.61 69.653
266 124.65 61.126
267 135.86 72.534
268 127.94 59.433
269 134.83 68.138
270 138.26 76.113
271 137.14 67.619
272 141.41 66.487
273 141.53 80.482
274 133.75 65.638
275 138.79 71.601
276 133.28 62.621
277 131.89 67.384
278 143.62 74.147
279 139.5 69.773
280 139.73 71.493
281 145.06 78.551
282 143.97 64.966
283 143.25 72.653
284 148.25 64.17
285 147.15 73.717
286 144.2 81.752
287 140.05 74.73
288 140.74 70.336
289 150.46 73.539
290 136.94 71.112
291 145.38 77.973
292 136.26 68.202
293 151.6 83.875
294 151.31 71.575
295 147.51 63.764
296 147.65 70.082
297 136.07 67.038
298 151.91 74.089
299 138.54 65.032
300 138.4 75.888
301 150.9 67.368
302 146.26 70.67
303 153.56 71.932
304 155.38 75.322
305 156.79 75.064
306 149.54 77.164
307 155.75 72.668
308 154.5 73.148
309 158.63 79.821
310 157.68 84.26
311 159.99 70.722
312 155.34 86.669
313 155.76 73.49
314 162.04 84.258
315 146.88 78.689
316 155.48 84.354
317 152.15 73.487
318 157.09 78.665
319 162.74 80.56
320 164.13 79.036
321 155.43 79.071
322 158.64 81.116
323 162.19 79.331
324 160.54 80.932
325 164.01 95.372
326 165 82.462
327 158.85 82.977
328 163.12 79.245
329 153.84 74.28
330 170.73 83.634
331 162.35 84
332 159.98 75.983
333 165.23 73.35
334 159.86 80.194
335 167.4 81.516
336 165.2 83.998
337 179.39 90.117
338 174.69 90.992
339 157.02 83.012
340 172.21 79.475
341 163.51 74.132
342 169.72 87.375
343 172.32 87.693
344 175.74 83.174
345 171.13 91.754
346 180.88 90.606
347 171.1 86.165
348 175.64 89.188
349 177.82 92.683
350 175.43 95.335
351 179.9 88.643
352 177.62 80.155
353 172.58 91.357
354 167.97 79.348
355 186.79 99.615
356 174.98 84.541
357 179.02 96.966
358 181.82 86.878
359 180.07 84.471
360 175.48 92.523
361 178.16 82.265
362 180.38 93.591
363 188.89 96.637
364 177.7 88.132
365 186.42 91.504
366 184.54 102.56
367 182.33 89.293
368 178.72 88.407
369 183.08 86.846
370 184.57 88.216
371 178.15 86.158
372 186.96 102.03
373 182.39 89.242
374 186.53 89.814
375 189.18 92.349
376 183.48 95.31
377 187.06 86.951
378 190.75 98.511
379 180.32 83.504
380 195.18 96.936
381 202.62 92.177
382 195.8 100.58
383 189.92 98.425
384 194.14 93.634
385 187.32 95.248
386 202.39 102.01
387 198.2 104.9
388 197.94 99.61
389 190.12 100.26
390 196.6 97.716
391 192.71 93.113
392 194.44 97.032
393 193.65 95.828
394 191.87 100.34
395 192.96 96.197
396 196.95 94.269
397 190.01 94.229
398 202.04 106.96
399 198.91 97.381
400 203.5 98.455
401 201.85 105.84
402 203.47 102.24
403 194.08 95.229
404 196.9 94.755
405 200.27 92.733
406 203.55 102.54
407 209.14 102.99
408 202.55 102.87
409 210.81 98.121
410 207.38 110.3
411 211.37 108.12
412 206.63 95.484
413 203.22 106.89
414 199.59 96.859
415 208.28 105.65
416 212.09 107.14
417 207.04 99.128
418 206.3 88.841
419 207.96 106.66
420 204.52 100.55
421 208.03 101.03
422 210.1 107.14
423 211.73 102.42
424 211.68 109.2
425 215.56 108.53
426 213.55 101.82
427 222.57 115.47
428 215.56 110.15
429 223.52 118.02
430 211.38 101.23
431 218.13 104.59
432 214.7 108.92
433 219.5 113.09
434 219.97 114.13
435 206.57 103.32
436 211.36 104.5
437 211.29 108.91
438 221.01 120.33
439 226.85 117.85
440 218.37 109.61
441 224.56 109.41
442 223.73 114.36
443 216.24 105.7
444 223.99 113.19
445 218.74 113.26
446 230.58 119.91
447 223.34 114.61
448 232.18 122.98
449 222.37 120.44
450 227.95 104.49
451 225.19 103.7
452 215.89 103.33
453 221.59 100.81
454 230.06 113.25
455 227.23 111.93
456 222.41 112.46
457 225.37 114.11
458 230.25 111.69
459 224.53 108.2
460 234.87 121.4
461 227.3 111.74
462 240.04 113.17
463 226.1 113.1
464 233 117.52
465 224.89 110.39
466 229.38 118.01
467 230.53 116.4
468 236.01 116.94
469 239.21 119.39
470 236.5 120.54
471 233.63 114.61
472 240.08 114.76
473 240.49 119.47
474 237.6 119.45
475 240.36 122.73
476 240.06 119.88
477 233.57 114.5
478 242.8 124.38
479 236.21 117.54
480 236.98 122.53
481 241.38 120.24
482 239.46 119.7
483 240.84 119.96
484 244.98 117.88
485 247.73 119.23
486 242.01 116.2
487 245.14 131.49
488 242.81 120.4
489 245.65 127.53
490 247.2 125.35
491 242.42 130.5
492 247.37 128.32
493 249.51 118.62
494 247.46 122.09
495 256.15 132.53
496 244.96 123.92
497 244.81 133.73
498 240.25 119.89
499 254.05 119.27
500 254.34 129.39
501 250.1 120.49
502 255.49 127.99
503 252.42 131.6
504 253.45 128.27
505 253.06 128.03
506 255.2 126.61
507 254.01 126.27
508 267.94 133.45
509 248.67 110.34
510 245.73 124.83
511 249.8 129.85
512 250.53 118.78
513 254.33 119.56
514 256.16 131.18
515 256.41 120.67
516 260.71 121.96
517 260.45 134.17
518 262.76 128.11
519 268.39 140.42
520 266.12 126.6
521 254.08 123.97
522 249.36 125.89
523 266.01 135.75
524 252.82 128.75
525 262.83 132.37
526 263.18 130.44
527 274.64 134.42
528 263.65 134.23
529 261.96 129.05
530 266.18 135.2
531 266.73 138.8
532 266.35 121.93
533 263.46 140.75
534 260.89 127.28
535 269.08 141.12
536 261.29 138.4
537 263.34 124.32
538 275.66 138.71
539 267.41 151.03
540 269.3 133.58
541 275 139.93
542 269.5 136.4
543 276.65 144.66
544 270.27 140.59
545 277.56 134.05
546 276.15 135.88
547 272.43 137.93
548 269.67 134.54
549 269.28 147.32
550 273.65 139.02
551 273.31 138.84
552 273.96 132.79
553 281.42 134.17
554 275.51 141.73
555 283.22 140.62
556 275.34 140.92
557 283.36 137.52
558 276.39 142.67
559 280.38 131.12
560 284.85 150.26
561 278.43 143.45
562 278.81 139.96
563 291.52 139.95
564 286.75 141.39
565 280.34 141.44
566 286.24 149.16
567 281.7 135.68
568 287.53 150.24
569 291.58 159.63
570 276.98 136.01
571 290.64 147.67
572 293.29 143.36
573 286.74 134.78
574 295.73 155.22
575 288.28 147.61
576 281.81 138.35
577 277.53 139.33
578 287.33 142.52
579 293.07 139.23
580 291.59 131.38
581 292.57 146.05
582 288.11 141.74
583 292.22 143.23
584 283.81 137.67
585 288.7 135.26
586 288.91 141.84
587 296.1 148.86
588 293.93 141.66
589 288.72 146.61
590 294.95 146.11
591 292.05 145.52
592 292.67 139.19
593 300.82 146.59
594 297.57 150.83
595 299.49 145.8
596 302.42 152.02
597 299.4 159.59
598 301.75 154.85
599 302.91 156.64
600 305.85 164.73
601 302.88 157.32
602 308.06 156.02
603 301.61 160.56
604 301.76 146.36
605 311.01 152.09
606 300.45 160.32
607 303.49 154.01
608 308.6 154.09
609 305.25 154.92
610 312.02 154.69
611 310.67 153.88
612 307.46 151.79
613 302.61 148.54
614 309.83 150.2
615 300.59 149.99
616 309.22 151.74
617 312.54 163.48
618 310.07 156.21
619 313.9 162.06
620 320.19 159.4
621 315.12 157.15
622 312.33 162.46
623 314.71 164.7
624 314.13 157.23
625 305.93 161.43
626 310.92 157.84
627 319.62 161.65
628 313.78 167.85
629 317.41 166.38
630 309.97 159.52
631 315.82 159.92
632 319 156.81
633 309.69 154.27
634 318.74 168.48
635 316.59 148.19
636 313.3 153.47
637 318.31 158.21
638 309.52 155.5
639 308.86 145.51
640 314.12 159.7
641 315.55 161.42
642 315.13 152.87
643 312.87 155.14
644 323.44 155.65
645 314.53 165.39
646 323.55 163.64
647 327.44 162.46
648 323.99 157.37
649 324.97 162.98
650 323.11 169.98
651 318.09 160.42
652 325.78 164.66
653 331.3 159.65
654 335.69 168.68
655 325.35 166.56
656 319.86 153.02
657 329.33 170.31
658 330.88 177.77
659 328.37 156.39
660 324.26 151.79
661 340.62 169.95
662 319.2 163.4
663 328.95 164.07
664 325.39 161.9
665 329.32 164.69
666 334.59 161.97
667 334.19 158.88
668 330.45 173.13
669 338.39 170.66
670 338.11 163.12
671 338.74 174.75
672 333.87 160.45
673 341.74 170.26
674 340.3 173.86
675 350.04 170.82
676 343.32 169.91
677 344.28 172.29
678 339.26 179.39
679 333.06 168.82
680 338.14 167.08
681 336.71 167.23
682 338.18 167.69
683 344.28 178.67
684 339.22 168.19
685 338.02 165.05
686 340.95 171.68
687 342.7 170.87
688 346.05 176.99
689 339.74 174.67
690 346.59 178.73
691 345.89 176.18
692 352.62 179.47
693 345.43 182.23
694 346.33 167.36
695 341.64 169.09
696 341.07 162.06
697 350.05 179.62
698 347.75 173.98
699 352.02 174.51
700 345.54 164.16
701 360.04 180.94
702 351.61 174.51
703 356.74 171.59
704 350.87 169.65
705 351.69 172.03
706 356.45 176.97
707 356.28 169.9
708 348.4 173.29
709 346.84 176.5
710 349.51 172.87
711 348.42 170.72
712 356.3 179.67
713 354.44 182.73
714 355.16 175.35
715 350.7 173.01
716 361.9 173.77
717 360.7 175.46
718 358.55 182.31
719 364.61 181.73
720 355.63 181.64
721 362.57 184.64
722 362.74 183.25
723 363.25 185.46
724 358.35 186.79
725 364.13 184.95
726 360.43 182.34
727 359.02 179.29
728 357.98 172.78
729 369.69 182.32
730 360.77 182.01
731 364.64 176.76
732 359.96 182.32
733 365.01 184.12
734 350.84 175.92
735 362.07 182.54
736 360.87 180.55
737 363.43 181.6
738 367.93 183.92
739 367.87 188.58
740 379.72 189.41
741 367.64 170.61
742 369.75 182.44
743 363.65 182.81
744 369.61 189.61
745 365.81 189.81
746 373.15 181.87
747 377.77 192.69
748 376.02 189.2
749 371 184.46
750 366.85 183.55
751 382.8 191.26
752 386.25 193.83
753 377.1 189.74
754 372.05 182.67
755 383.49 186.52
756 375.04 192.35
757 376.15 186.98
758 383.43 198.79
759 372.57 181.67
760 370.22 182.14
761 382.6 198.41
762 383 198.54
763 381.98 185.84
764 384.48 193.27
765 387.91 200.66
766 387.85 200.59
767 380.66 183.9
768 388.05 202.12
769 385.37 195.99
770 382.47 192.37
771 379.53 188.64
772 389.23 189.79
773 384.73 192.84
774 387.23 192.33
775 383.54 203.32
776 380.25 191.07
777 389.36 193.81
778 388.69 194.27
779 395.5 194.68
780 394.01 207.36
781 395.77 201.07
782 387.26 194
783 386.82 199.03
784 385.65 192.66
785 394.99 197.01
786 406.95 200.69
787 397.14 195.49
788 390.13 203.09
789 398.68 203.18
790 389.36 195.11
791 388.38 202.71
792 399.59 199.91
793 392.61 197.76
794 398.58 192.19
795 404.53 204.64
796 400.01 192.77
797 403.15 196.63
798 390.97 200.23
799 402.81 203.16
800 410.69 200.98
801 403.21 199.61
802 393.3 197.93
803 400.48 201.34
804 399.5 191.19
805 404.42 196.18
806 405.06 193.67
807 405.53 202.4
808 402.18 192.48
809 401.5 204.26
810 402.05 196
811 409.77 199.35
812 396.73 207.32
813 405.46 213.54
814 408.35 200.08
815 404.24 201.93
816 410.39 215.01
817 408.14 201.37
818 404.31 210.74
819 410.31 209.25
820 408.66 204.61
821 408.45 202.46
822 407.44 212.19
823 411.81 209.46
824 402.77 198.22
825 410.51 207.22
826 410.28 200.75
827 408.94 205.21
828 417.26 216.29
829 410.83 208.07
830 417.7 205.05
831 420.38 211.93
832 415.22 204.12
833 417.89 219.04
834 420.2 201.13
835 417.1 205.25
836 420.7 214.21
837 412.19 201.99
838 424.55 212.37
839 414.55 210.55
840 410.86 211.72
841 427.42 209.08
842 420.69 209.49
843 423.74 209.51
844 420.18 209.52
845 417.4 210.55
846 407.64 200.72
847 426.63 217.32
848 422.57 213.42
849 423.51 209.39
850 427.03 214.89
851 418.4 214.12
852 422.35 216.14
853 432.24 219.46
854 429.99 214.67
855 421.09 207.45
856 416.98 209.61
857 425.64 210.49
858 430.07 213.37
859 434.21 221.73
860 430.47 222.47
861 424.89 215.42
862 432.53 226.53
863 425.64 205.17
864 427.2 213.71
865 429.23 215.09
866 426.85 221.5
867 432.15 218.58
868 429.5 213.13
869 433.07 219.31
870 432.69 219.56
871 433.45 217.64
872 433.48 206.6
873 442.67 226.45
874 440.05 202.57
875 437.8 219.45
876 430.67 207.58
877 430.37 213.41
878 429.18 221.58
879 452.53 223.7
880 444.86 232.02
881 441.78 224.78
882 436.13 216.83
883 435.77 213.37
884 444.74 219.89
885 450.33 227.04
886 434.53 205.41
887 441.25 223.7
888 443.58 223.19
889 434.54 221.36
890 449.21 234.84
891 443.43 220.09
892 455.56 222.88
893 444.55 228.17
894 449.05 229
895 441.79 220.18
896 444.88 219.47
897 442.66 222.57
898 450.96 219.83
899 456.01 228.34
900 447.03 220.33
901 452.68 222.24
902 448.48 229.08
903 452.01 226.16
904 457.98 235.75
905 453.1 221.12
906 447.82 225.11
907 449.21 219.38
908 453.15 229.67
909 453.54 233.3
910 450.67 230.45
911 456.4 217.62
912 462.33 234.57
913 455.24 227.67
914 455.98 229.66
915 446.49 220.51
916 454.13 218.81
917 451.53 230.23
918 457.07 226
919 462.13 229.42
920 467.62 234.65
921 469.49 247.43
922 460.42 241.68
923 459.9 223.36
924 466.09 230.67
925 464.95 237.41
926 466.83 223.05
927 467.39 239.92
928 456.6 226.72
929 467.2 240.6
930 464.54 227.87
931 461.7 226.24
932 462.53 242.84
933 472.91 239.39
934 462.95 229.93
935 461.32 225.49
936 469.07 240.05
937 478.55 240.99
938 469.13 223.24
939 471.04 231
940 465.31 247.5
941 478.87 239.38
942 471.62 225.81
943 474.15 232.64
944 467.24 231.52
945 476.77 241.86
946 474.95 236.66
947 467.72 234.37
948 474.2 237.01
949 472.25 231.32
950 475.55 243.64
951 474.25 235.3
952 475.05 235.21
953 471.34 236.64
954 475.38 237.36
955 481.33 238.06
956 486.72 244
957 472.7 246.91
958 490.89 248.15
959 487.13 240.29
960 480.84 236.07
961 478.99 238.3
962 477.51 230.87
963 485.66 251.96
964 478.53 240.28
965 480.19 234.28
966 487.42 244.31
967 485.68 235.62
968 488.48 247.15
969 487.02 242.6
970 483 241.71
971 482.93 243.27
972 489.98 249.26
973 483.14 237.52
974 492.93 239.13
975 491.45 245.21
976 489.44 240.6
977 488.52 246.38
978 490.83 236.14
979 507.13 257.86
980 489.44 246.25
981 482.72 235.8
982 500.58 248.7
983 494.55 251.46
984 488.76 256.51
985 505.59 251.04
986 495.75 254.79
987 494.97 243.18
988 490.11 246.09
989 489.18 243.55
990 486.16 244.78
991 493.39 244.2
992 490.73 238.26
993 499.74 248.52
994 495.41 249.9
995 506.34 250.64
996 505.55 251.85
997 499.32 251.67
998 497.59 251.49
999 505.26 248.96
1000 494.27 245.79
1001 503.87 256.29
1002 497.65 250.48
1003 499.5 243.01
1004 498.64 257.06
1005 505.38 249.61
1006 499.11 246.06
1007 498.18 241.97
1008 506.76 252.83
1009 502.38 250.68
1010 506.81 251.79
1011 503.74 247.67
1012 507.35 245.37
1013 493.68 261.9
1014 509.33 262.17
1015 516.77 256.59
1016 513.2 256.02
1017 513.05 258.32
1018 507.8 253.84
1019 510.4 252.35
1020 511.22 260.28
1021 510.98 249.8
1022 506.85 263.21
1023 509.74 246.05
1024 511.13 253.95
1025 510.1 259.41
1026 517.18 259.18
1027 526.19 255.58
1028 507.38 258.3
1029 515.14 258.39
1030 507.79 249.82
1031 522.01 263.02
1032 523.05 265.31
1033 508.19 265.02
1034 526.72 262.89
1035 512.08 254.57
1036 519.13 257.04
1037 523.99 252.36
1038 519.74 262.47
1039 530.98 255.22
1040 533.76 265.53
1041 521.19 259.22
1042 511.46 259.96
1043 519.68 245.98
1044 517.76 263.47
1045 518.68 256.74
1046 517.36 252.22
1047 523.89 261.9
1048 534.53 268.43
1049 520.92 258.34
1050 523.6 254.45
1051 531.33 271.7
1052 532.06 267.02
1053 528.93 260.93
1054 532.13 272.15
1055 531.85 267.76
1056 526.09 256.71
1057 530.64 268.43
1058 527.5 254.77
1059 525 257.21
1060 533.17 267.34
1061 530.84 267.47
1062 530.06 265.38
1063 532.96 256.81
1064 536.94 272.56
1065 534.46 273.54
1066 533.97 272.82
1067 534.9 264.6
1068 534.26 265.16
1069 530.63 260.23
1070 538.93 270.72
1071 542.54 272.53
1072 533.33 262.81
1073 546.14 277.67
1074 536.12 272.32
1075 536.28 271.43
1076 533.51 262.99
1077 534.54 260.58
1078 534.24 270.38
1079 541.27 277.87
1080 547.99 267.54
1081 543.14 260.53
1082 545.27 279.82
1083 548.21 273.8
1084 529.5 270.64
1085 541.66 275.76
1086 544.77 266.29
1087 547.09 271.38
1088 537.48 264.56
1089 539.47 270.63
1090 548.95 280.31
1091 544.92 272.74
1092 548.77 263.88
1093 541.7 277.02
1094 538.83 269.43
1095 551.31 273.36
1096 553.97 266.47
1097 556.66 280.2
1098 541.34 271.9
1099 542.82 273.1
1100 542.63 265.93
1101 550.29 271.5
1102 547.92 269.38
1103 558.07 287.97
1104 544.72 268.26
1105 543.79 270.91
1106 554.03 272.56
1107 559.46 284.29
1108 549.99 274.93
1109 548.17 274.45
1110 554.25 281.82
1111 547.32 277.04
1112 556.09 281.97
1113 560.64 269.66
1114 558.09 280.14
1115 547.95 278.81
1116 555.32 279.41
1117 556.99 283
1118 568.07 294.64
1119 564.07 288.28
1120 559.71 274.24
1121 567.05 279.37
1122 555.78 277.28
1123 559.76 276.67
1124 569.06 284.14
1125 570.01 291.15
1126 566.65 280.67
1127 565.95 281.55
1128 561.07 279.4
1129 568.22 287.48
1130 560.86 285.61
1131 568.37 283.44
1132 567.41 282.12
1133 572.2 290.77
1134 564.87 286.05
1135 570.68 287.78
1136 571.97 302.31
1137 564.01 282.16
1138 569.78 286.6
1139 577.49 288.33
1140 570.56 288.36
1141 568.96 281.85
1142 573.28 291.68
1143 570.12 294.21
1144 574.22 287.53
1145 571.83 285.57
1146 572.91 283.64
1147 575.8 285.53
1148 580.81 281.89
1149 576.76 288.11
1150 583.24 287.21
1151 565.36 288.96
1152 573.75 287.66
1153 577.68 289.11
1154 572.82 293.4
1155 571.12 276.68
1156 581.09 292.19
1157 581.56 285.49
1158 580.45 287.01
1159 581.48 292.03
1160 575.65 292.28
1161 578.01 284.82
1162 580.47 293
1163 578.06 296.32
1164 583.66 287.55
1165 594.33 292.2
1166 580.59 290.24
1167 586.74 296.5
1168 578.83 289.42
1169 591.2 291.52
1170 580.15 290.65
1171 586.54 294.31
1172 582.91 289.23
1173 589.06 288.93
1174 587.06 295.71
1175 587.28 293.73
1176 602.75 299.56
1177 585.35 289.52
1178 588.77 291.88
1179 602.92 297.12
1180 584.27 286.93
1181 593.26 302.96
1182 585.62 291.6
1183 596.65 289.68
1184 593.64 294.38
1185 595.76 303.18
1186 591.61 293.11
1187 594.73 306.25
1188 601.36 296.78
1189 583.12 287.8
1190 586.83 288.25
1191 597.58 304.61
1192 592.73 293.46
1193 595.02 299.6
1194 589.52 286.52
1195 592.98 293.62
1196 595.98 301.29
1197 594.87 291.03
1198 594.67 297.58
1199 597.39 301.44
1200 595.29 306.54
1201 607.21 306.81
1202 596.06 302.76
1203 610.59 303.52
1204 600.13 297.17
1205 595.24 297.9
1206 599.91 295.49
1207 608.17 309.7
1208 609.28 308.52
1209 605.3 307.46
1210 606.44 309.52
1211 608.66 303.79
1212 598.7 296.47
1213 603.59 304.42
1214 597.85 304.68
1215 605.25 306.92
1216 612.75 311.1
1217 612.09 313.57
1218 620.44 311.7
1219 610.33 311.19
1220 599.22 299.55
1221 618.95 313.42
1222 617.41 301.69
1223 608.59 312
1224 613.11 297.68
1225 616.4 309.23
1226 614.92 305.73
1227 616.98 302.7
1228 613.44 308.4
1229 614.31 308.81
1230 615.44 314.78
1231 611.55 306.46
1232 623.11 314.45
1233 616.53 309.48
1234 620.43 317.55
1235 613.23 312.27
1236 612.62 306.37
1237 618.05 309.64
1238 617.74 317.77
1239 625.47 311.54
1240 623.03 315.81
1241 623.2 307.21
1242 613.78 303.08
1243 616.66 312.64
1244 623.01 314.75
1245 620.76 315.67
1246 629.45 311.56
1247 630.21 320.19
1248 621.1 311.41
1249 628.88 314.2
1250 631.98 324.43
1251 627.1 320.74
1252 634.12 305.8
1253 631.81 317.69
1254 628.07 309.78
1255 631.88 314.44
1256 628.97 311.31
1257 626.43 321.34
1258 630.79 321.6
1259 629.68 317.62
1260 628.18 317.61
1261 639.36 321.97
1262 632.11 319.47
1263 645.15 323.83
1264 630.52 314.37
1265 635.32 320.2
1266 640.91 318.91
1267 647.15 321.6
1268 635.52 316.41
1269 630.55 314.83
1270 639.02 319.55
1271 628.9 327.11
1272 634.63 311.2
1273 637.86 313.57
1274 644.45 323.45
1275 644.69 322.09
1276 637.86 315.28
1277 643.12 323.19
1278 637.39 322.46
1279 642.81 315.63
1280 649.58 322.75
1281 641.28 314.2
1282 639.5 320.17
1283 639 320.32
1284 645.58 326.2
1285 649.19 319.16
1286 653.63 328.3
1287 643.77 321.17
1288 644.82 329.37
1289 641.34 322.2
1290 653.06 323.84
1291 645.12 321.42
1292 643.63 319.14
1293 657.42 335.91
1294 651.05 322.97
1295 651.08 317.51
1296 642.97 320.48
1297 650.67 331.05
1298 651.6 329.12
1299 644.04 322.84
1300 648.87 333.36
1301 648.48 321.3
1302 653.64 328.11
1303 646.47 318.87
1304 657.45 324.78
1305 661.42 328.99
1306 651.48 328.98
1307 653.46 337
1308 656.53 332.26
1309 660.52 324.9
1310 657.61 327.78
1311 657.49 325.97
1312 653.59 325.33
1313 655.34 333.57
1314 660.07 331.92
1315 665.91 337.91
1316 660.84 333.44
1317 652.47 322.27
1318 661.17 335.24
1319 659.04 322.77
1320 658.78 333.39
1321 659.4 332.7
1322 656.6 333.8
1323 659.9 322.85
1324 658.08 328.02
1325 660.68 330.43
1326 663.59 332.29
1327 664.37 336.57
1328 662.92 334.96
1329 663.74 335.13
1330 665.17 333.48
1331 667.79 342.28
1332 672.41 334.58
1333 669.6 335.31
1334 665.57 329.9
1335 670.49 334.94
1336 666.77 337.01
1337 659.6 323.66
1338 657.26 329.59
1339 660.93 326.79
1340 668.81 338.35
1341 667.4 323.87
1342 667.4 323.92
1343 671.7 343.97
1344 668.71 333.61
1345 669.35 324.83
1346 676.05 329.59
1347 677.41 338.27
1348 686.18 344.63
1349 676.01 339.69
1350 675.29 342.98
1351 672.63 337.98
1352 675.02 337.14
1353 676.25 343.36
1354 668.22 344.4
1355 676.21 338.24
1356 681.75 339.67
1357 675.65 343.02
1358 681.47 338.2
1359 684.46 334.81
1360 685.39 342.16
1361 684.38 343.42
1362 669.7 335.58
1363 678.68 333.75
1364 686.51 340.27
1365 684.47 338.84
1366 683.02 346.29
1367 685.68 342.19
1368 689.65 348.07
1369 685.27 345.63
1370 681.21 339.64
1371 684.6 332.4
1372 684.96 344.3
1373 690.98 349.01
1374 689.06 340.77
1375 690.24 345.03
1376 688.74 342.16
1377 686.69 351.85
1378 689.31 344.5
1379 690.58 346.31
1380 683.01 336.27
1381 691.39 342.02
1382 695.64 341.04
1383 690.95 349.12
1384 699.86 352.97
1385 695.3 343.51
1386 690.9 359.89
1387 692.73 350.96
1388 692.62 348.34
1389 695.71 357.43
1390 698.77 337.11
1391 694.04 346.56
1392 698.29 349.02
1393 705.28 353.64
1394 701.66 345.64
1395 701.63 353.46
1396 693.93 335.88
1397 695.83 348.45
1398 700.21 352.3
1399 699 349.29
1400 691.87 347.76
1401 692.93 342.65
1402 706.13 355.81
1403 697.71 346.98
1404 712.39 347.9
1405 691.39 344.14
1406 705.24 349.52
1407 703.5 346.63
1408 700.22 352.63
1409 706.52 353.46
1410 701.03 349.24
1411 709.8 352.16
1412 706.33 361.55
1413 698.3 355.02
1414 694.88 346.49
1415 706.08 353.47
1416 713.73 364.43
1417 709.41 363.67
1418 709.27 360.15
1419 712.94 354.84
1420 703.03 348.6
1421 717.63 362.57
1422 706.53 348.95
1423 711.69 350.49
1424 710.18 353.31
1425 713.25 361.4
1426 703.28 352.44
1427 721.12 361.78
1428 716.73 363.99
1429 724.55 363.45
1430 722.08 355.35
1431 715.56 361.99
1432 711.3 358.03
1433 707.81 353.46
1434 717.08 356.48
1435 718.6 356.57
1436 723.23 361.49
1437 713.75 352.87
1438 722.97 358.93
1439 719.86 352.5
1440 716.13 355.47
1441 724.37 358.72
1442 722.33 364.05
1443 720.32 367.44
1444 731.39 370.87
1445 725.55 368.01
1446 722.45 364.61
1447 724.89 365.18
1448 724.44 365.97
1449 725.37 359.03
1450 727.27 367.8
1451 722.48 355.25
1452 722.01 364.1
1453 728.3 359.99
1454 736.43 363.36
1455 725.97 360.72
1456 722.94 354.95
1457 727.31 363.73
1458 726.58 368.84
1459 727.86 362.68
1460 732.38 368.67
1461 729.85 365.74
1462 728.03 370.07
1463 729.28 363.85
1464 725.39 364.16
1465 728.2 376.44
1466 725.93 368.7
1467 730.92 360.79
1468 728.57 369.89
1469 730.96 360.86
1470 733.49 366.8
1471 729.5 366.2
1472 735.9 372.3
1473 738.2 367.11
1474 732.18 368.78
1475 743.07 380.38
1476 730.07 355.51
1477 736.54 362.89
1478 731.58 371.76
1479 737.78 367.42
1480 733.38 366.5
1481 737.63 373.43
1482 737.3 379.76
1483 735.57 361.28
1484 731.68 361.29
1485 745.33 372.28
1486 753 376.5
1487 754.62 377.84
1488 741.54 369.21
1489 744.27 378.23
1490 742.67 366.79
1491 745.88 373.96
1492 741.41 375.65
1493 736.9 370.33
1494 746.82 370.3
1495 741.37 371.29
1496 738.49 367.66
1497 760.37 377.19
1498 747.83 380.68
1499 751.52 374.77
1500 755.96 375.09
1501 742.08 367.26
1502 753.07 377.14
1503 754.01 369.53
1504 752.42 367.98
1505 753.29 377.61
1506 750.36 368.73
1507 757.12 376.56
1508 749.75 378.75
1509 750.52 379.87
1510 758.63 387.04
1511 763.93 376.92
1512 754.07 381.32
1513 753.97 378.61
1514 759.04 385.78
1515 762.86 382.53
1516 762.84 385.5
1517 759.85 385.62
1518 755.83 375.86
1519 762.65 379.02
1520 759.6 373.16
1521 767.38 383.25
1522 753.96 378.76
1523 762.21 377.39
1524 768.45 384.58
1525 760.03 378.23
1526 759.88 377.78
1527 758.83 383.31
1528 762.61 385.38
1529 763.5 387.49
1530 765.68 377.42
1531 761.08 379.86
1532 766.41 386.48
1533 763.48 375.27
1534 765.16 392.21
1535 763.31 382.82
1536 766.59 380.57
1537 786.35 398.34
1538 786.04 394.9
1539 775.23 388.16
1540 773.94 383.57
1541 764.11 373.23
1542 768.08 379.22
1543 768.4 380.97
1544 774.68 389.6
1545 774.91 390.53
1546 773.54 382.84
1547 771.8 390.04
1548 769.37 388.02
1549 774.53 386.64
1550 780.7 385.59
1551 777.64 393.28
1552 776.91 387.8
1553 779.79 384.83
1554 779.92 391.22
1555 769.42 387.33
1556 778.09 381.74
1557 776.37 397.52
1558 768.83 373.67
1559 772.86 378.25
1560 778.4 395.32
1561 784.63 393.94
1562 779.85 387.78
1563 782.81 391.46
1564 777.51 392.41
1565 771.71 381.52
1566 783.47 396.38
1567 778.74 392.86
1568 789.86 394.71
1569 793.18 397.54
1570 783.14 388.43
1571 791.46 391.45
1572 790.77 393.44
1573 779.42 394.85
1574 786.83 392.22
1575 788.81 392.14
1576 790.61 390.41
1577 791.88 390.27
1578 792.37 396.3
1579 792.89 401.65
1580 788.44 400.38
1581 792.4 399
1582 779.74 388.32
1583 785.66 390.99
1584 798.01 400.83
1585 789.2 399.29
1586 794.64 402.19
1587 801.04 389.93
1588 789.56 394.55
1589 789.7 390.02
1590 792.54 393.91
1591 797.71 407.53
1592 794.98 393.6
1593 791.61 387.39
1594 789.14 395.45
1595 795.65 397.2
1596 796.89 396.37
1597 795.82 402.31
1598 797.69 401.68
1599 794.02 398.89
1600 802.75 399.99
1601 789.63 396.56
1602 801.72 399.41
1603 804.85 403.35
1604 797.76 401.76
1605 802.21 402.81
1606 804.46 398.87
1607 800.43 397.53
1608 803.93 396.77
1609 806.56 408.27
1610 800.31 400.03
1611 809.68 401.55
1612 811.47 409.13
1613 808.11 401.5
1614 807.08 405.77
1615 801.68 408.42
1616 810.47 409.93
1617 802.42 400.41
1618 816.95 407.91
1619 812.13 415.75
1620 811.32 404.81
1621 808.53 405.77
1622 800.12 401.69
1623 805.52 407.39
1624 813.83 407.99
1625 824.56 414.11
1626 816.7 409.96
1627 815.05 420.97
1628 811.29 410.03
1629 815.11 403.17
1630 819.81 403.82
1631 814.23 399.04
1632 825.46 421.93
1633 810.4 401.1
1634 815.12 412.52
1635 817.76 411.55
1636 808.23 396.48
1637 821.33 420.78
1638 819.39 412.46
1639 819.9 419.05
1640 823.97 413.7
1641 825.72 413.76
1642 825.01 407.41
1643 819.16 409.77
1644 821.77 411.57
1645 824.27 404.53
1646 816.72 408.26
1647 818.32 409.98
1648 821.87 407.33
1649 824.89 414.5
1650 833.95 410.91
1651 829.49 411.87
1652 823.79 412.42
1653 823.35 408.65
1654 834.67 419.44
1655 841.17 418.77
1656 828.84 410.05
1657 826.11 417.71
1658 821.94 413.97
1659 834.37 420.04
1660 831.45 419.15
1661 836.33 423.21
1662 826.46 418.18
1663 832.7 416.52
1664 828.73 412.11
1665 838.87 418.88
1666 830.24 421.31
1667 833.06 410.54
1668 832.26 413.31
1669 839.47 424.95
1670 837.14 422.8
1671 830.48 412.76
1672 832.84 415.38
1673 831.27 414.86
1674 839.53 418.39
1675 839.16 407.36
1676 829.82 412.77
1677 828.97 416.03
1678 838.8 431.66
1679 842.99 414.18
1680 840.84 417.24
1681 832.78 414.46
1682 833.24 411.91
1683 845.84 419.55
1684 841.27 411.02
1685 840.57 419.72
1686 849.58 422.2
1687 839.52 422.43
1688 844.68 422.63
1689 846.59 428.62
1690 849.1 432.65
1691 841.23 421.22
1692 847.79 417.7
1693 860.24 431.34
1694 839.44 426.71
1695 849.67 424.36
1696 846.85 425.36
1697 844.36 417.35
1698 844.84 429.97
1699 851.99 428.01
1700 861.58 428.68
1701 846.53 414.9
1702 853.7 423.41
1703 848.7 419.22
1704 861.88 428.48
1705 855.22 429.35
1706 852.31 430.3
1707 856.6 429.08
1708 853.97 427.4
1709 860.04 431.89
1710 854.07 440.3
1711 849.89 426.61
1712 857.23 429.32
1713 864.31 440.04
1714 851.02 425.96
1715 856.29 424.78
1716 863.02 436.17
1717 848.9 422.66
1718 862.13 432.07
1719 863.26 436.01
1720 861.07 434.57
1721 856.65 420.31
1722 860.96 418.67
1723 861.97 427.47
1724 866.68 441.6
1725 865.82 434.08
1726 861.25 429.87
1727 871.6 435.02
1728 863.75 437.06
1729 860.44 431.87
1730 862.81 433.78
1731 869.79 424.44
1732 866.98 432.62
1733 870.94 435.57
1734 867.35 429.37
1735 879.93 439.85
1736 859.67 426.82
1737 866.42 437.56
1738 868.58 431.44
1739 869.95 441.5
1740 877.28 438.43
1741 871.6 440.28
1742 870.43 446.64
1743 871.84 436.26
1744 875.76 445.35
1745 869.05 429.16
1746 875.25 446.74
1747 865.67 426.8
1748 873.61 436.48
1749 869.79 433.26
1750 871.74 430.12
1751 876.91 431.92
1752 870.37 438.42
1753 871.56 428.83
1754 869.42 428.01
1755 866.36 438.82
1756 877.24 438.63
1757 884.31 444.06
1758 878.09 434.54
1759 878.33 438.18
1760 874.77 438.92
1761 888.42 445.05
1762 879.75 448.82
1763 887.97 440.86
1764 883.81 441.16
1765 881.18 444.75
1766 888.41 448.95
1767 888.41 434.34
1768 883.44 439.76
1769 890.98 442.11
1770 893.91 446.87
1771 885.17 445.16
1772 884.72 444.58
1773 888.52 449.97
1774 888.76 446.62
1775 891.54 447.35
1776 886.72 448.09
1777 892.08 448.18
1778 894.24 440.5
1779 890.39 445.74
1780 890.77 437.11
1781 884.23 447.67
1782 885.14 432.03
1783 884.19 439.35
1784 885.78 443.36
1785 891.72 445.67
1786 884.93 451.88
1787 904.73 452.64
1788 897.7 445.78
1789 884.16 445.02
1790 889.23 438.58
1791 894.96 450.21
1792 887.44 444.97
1793 894.2 445.14
1794 902.46 448.12
1795 896.68 442.39
1796 897.66 439.44
1797 893.49 444.63
1798 896.22 452
1799 892.74 442.8
1800 901.82 458.83
1801 898.24 444.68
1802 904.92 463.16
1803 907.69 450.38
1804 907.39 454.19
1805 902.33 458.34
1806 900.48 456.41
1807 897.38 444.9
1808 904.59 455.99
1809 909.3 449.08
1810 903.3 443.12
1811 904.63 455.62
1812 909.08 445.89
1813 910.82 444.72
1814 899.92 449.66
1815 908.5 461.18
1816 908.98 460.58
1817 907.74 446.4
1818 913.46 456.92
1819 907.68 457.85
1820 905.87 457.8
1821 911.88 463.74
1822 913.3 464.58
1823 910.41 459.49
1824 915.98 450.87
1825 904.91 452.65
1826 907.63 446.91
1827 898.14 455.23
1828 916.61 467.01
1829 909.54 444.76
1830 913.73 461.04
1831 920.55 458.56
1832 916.26 455.74
1833 914.3 452.7
1834 912.76 462.7
1835 916.3 460.07
1836 921.01 459.91
1837 910.92 457.55
1838 918.66 464.4
1839 923.41 457.36
1840 912.9 452.47
1841 923.85 465.37
1842 924.42 470.14
1843 917.09 464.8
1844 914.48 456.66
1845 924.67 455.67
1846 927.04 451.81
1847 926.39 458.56
1848 927.81 469.55
1849 918.59 456.55
1850 927.92 465.38
1851 922.6 462.36
1852 923.19 450.58
1853 918.72 465.62
1854 932.5 476.37
1855 928.38 463.99
1856 933.02 471.5
1857 936.06 464.24
1858 923.31 464.64
1859 932.72 476.97
1860 929.94 471.53
1861 935.07 464.04
1862 936.54 463.17
1863 935.6 468.07
1864 927.91 462.77
1865 931.87 465.62
1866 934.32 473.52
1867 949.29 475.75
1868 940.13 478.39
1869 946.1 472.84
1870 937.07 467.87
1871 936.56 472.25
1872 939.07 471.66
1873 933.86 465.88
1874 943.21 463.66
1875 936.71 462.77
1876 931.13 468.65
1877 942.85 474.14
1878 931.16 458.24
1879 930.28 465.74
1880 941.44 473.37
1881 935.75 462
1882 936.45 463.23
1883 940.69 476.32
1884 939.56 461.01
1885 941.39 472.93
1886 944.36 477.07
1887 937.66 459.87
1888 937.88 468.29
1889 934 461.13
1890 943.05 471.97
1891 948.82 472.3
1892 942.49 462.99
1893 949.01 477.59
1894 949.7 477.83
1895 952.45 473.13
1896 952.95 479.11
1897 945.06 465.81
1898 944.72 466.18
1899 949.74 469.1
1900 946.68 472.79
1901 957.76 476.26
1902 957.9 488.51
1903 951.98 475.63
1904 949.86 477.74
1905 955.05 480.4
1906 949.72 476.72
1907 952.87 477.4
1908 951.35 481.89
1909 955.03 471.69
1910 960.64 488.5
1911 959.21 483.04
1912 961.72 475.11
1913 951.93 481.51
1914 957.9 484.86
1915 952.58 484.83
1916 959.92 477.86
1917 960.13 488.26
1918 965.48 484.06
1919 965 475.18
1920 963.27 477.75
1921 957.97 483.63
1922 958.62 488.27
1923 951.24 469.71
1924 959.76 479.32
1925 954.74 474.09
1926 967.65 493.22
1927 968.01 479.52
1928 964.69 489
1929 962.61 478.18
1930 965.72 486.74
1931 973.53 480.14
1932 972.75 493.87
1933 964.26 471.11
1934 967.84 485.53
1935 961.9 483.05
1936 970 480.9
1937 972.2 481.27
1938 973.5 489.8
1939 961.84 475.74
1940 972.52 486.12
1941 966.18 468.99
1942 969.12 474.15
1943 975.44 487.5
1944 973.49 492.34
1945 971.68 477.59
1946 976.03 491.41
1947 981.67 493.31
1948 970.88 482.5
1949 967.75 483.76
1950 969.19 495.55
1951 970.78 478.39
1952 972.64 488.72
1953 979.38 490.73
1954 966.57 484.9
1955 978.68 489.31
1956 974.11 488.46
1957 984 490.74
1958 974.72 478.89
1959 979.54 486.85
1960 975.31 488.83
1961 977.09 489.84
1962 979.7 492.87
1963 980.36 501.28
1964 979.38 481.42
1965 988.14 497.47
1966 985.75 493.55
1967 992.78 496.2
1968 982.61 487.84
1969 989.83 494.28
1970 974.5 490.65
1971 988.69 496.48
1972 987.86 485.9
1973 984.63 496.85
1974 990.48 496.49
1975 991.89 505.42
1976 993.17 491.02
1977 990.6 491.69
1978 992.01 487.24
1979 986.13 493.08
1980 984.52 497.24
1981 989.16 492.19
1982 991.93 493.37
1983 996.25 496.65
1984 988.05 493.22
1985 990.05 500.14
1986 1007.9 504.02
1987 990.39 492.78
1988 1003.6 504.97
1989 999.31 492.83
1990 992.21 499.1
1991 994.97 496.45
1992 994.92 508.16
1993 998.87 496.19
1994 1003.8 504.03
1995 989.31 495.24
1996 1008.1 498.66
1997 1002.4 505.57
1998 996.26 487
1999 998.87 489.7
2000 1001.5 494.2
